64
27 10 48 4 27 56 7 41 29 12 41 42 53 63 54 25 33 32 24 38 48 37 47 17 35 11 11 18 47 43 63 64 31 61 62 37 36 34 56 17 15 12 51 1 32 37 30 29 61 37 51 44 21 25 33 20 13 31 54 31 64 54 58 64
25 33 14 31 10 15 42 62 38 57 63 57 55 16 21 45 22 21 11 50 45 28 64 3 29 40 39 34 33 61 15 35 12 18 11 21 36 15 20 45 12 9 64 26 2 58 50 45 8 12 22 12 20 55 47 17 34 47 20 20 15 12 52 56
15 20 44 6 35 24 62 32 57 22 34 39 27 56 22 59 59 27 26 60 18 16 36 21 7 25 64 49 18 16 55 7 38 52 21 48 23 44 8 51 64 36 32 36 45 20 18 57 16 63 53 27 50 9 13 44 48 33 29 37 42 45 15 59
62 13 45 47 14 36 27 43 14 58 13 28 46 58 64 39 57 24 37 1 32 29 64 19 40 27 25 33 27 36 58 27 51 62 45 32 17 38 30 44 27 28 30 12 46 21 1 57 62 14 12 34 58 35 43 49 40 59 59 16 15 15 62 54
8 15 25 18 10 54 13 3 3 22 22 43 4 58 34 28 17 44 40 63 61 17 28 26 22 56 16 57 44 60 49 64 30 63 11 10 56 6 53 34 11 40 30 25 20 64 6 2 2 33 60 20 49 51 54 57 5 43 33 47 55 61 45 12
14 29 28 37 42 38 53 54 39 16 25 14 60 18 11 8 7 9 3 1 52 52 30 7 42 18 21 19 23 45 17 16 8 47 18 46 42 35 3 2 34 16 15 3 41 3 56 6 55 25 1 36 37 46 27 51 51 5 36 8 39 55 43 48
60 17 37 50 11 16 52 46 22 54 32 63 19 26 3 25 54 33 42 41 2 6 56 3 11 43 48 4 63 31 52 44 24 45 53 40 46 55 2 44 19 4 42 12 10 43 23 56 37 32 59 12 36 58 14 9 31 5 51 18 31 44 26 23
35 55 39 52 24 7 41 34 24 5 54 51 15 27 24 52 36 54 48 7 63 15 17 49 60 10 37 59 34 37 49 20 57 38 35 28 8 58 50 57 32 46 35 47 5 36 40 35 22 62 62 1 45 27 35 7 47 55 3 26 30 23 39 9
46 35 28 39 48 5 54 38 15 48 4 21 46 50 49 28 7 1 54 22 15 42 11 36 50 39 30 30 3 41 62 15 7 40 1 12 7 13 8 36 15 64 19 20 53 34 42 19 56 44 25 29 10 16 19 62 15 10 59 53 64 39 20 57
29 12 21 31 43 4 56 14 61 13 23 43 27 40 35 21 31 28 27 57 54 64 30 64 60 5 42 54 10 7 64 32 55 36 15 9 52 42 32 28 2 13 15 28 9 9 11 54 43 14 52 4 23 6 34 38 39 10 47 38 42 25 9 44
31 35 24 2 13 62 7 52 56 2 3 45 34 28 21 21 62 49 4 50 18 54 61 13 17 51 23 56 21 9 29 38 45 26 29 27 18 9 57 11 32 5 33 45 56 9 26 2 2 14 28 25 13 36 3 39 56 28 41 54 59 26 53 37
36 24 22 3 38 57 15 49 45 63 33 53 37 46 11 1 32 1 34 55 19 42 43 39 57 20 12 26 33 10 16 15 44 57 56 35 29 19 16 25 33 9 3 46 58 5 4 55 52 20 25 22 9 62 13 7 37 19 41 31 23 30 49 61
9 58 15 36 56 11 61 5 3 50 34 45 40 61 18 1 2 4 24 40 9 18 39 4 48 6 64 8 10 27 1 40 54 52 23 56 29 36 25 53 26 39 4 20 48 13 2 12 11 46 55 54 15 61 47 30 19 24 53 28 2 61 62 42
21 7 63 39 42 50 34 17 4 45 19 33 51 48 13 45 17 6 20 30 30 58 12 11 22 9 11 7 33 62 37 60 47 48 64 31 25 61 34 52 1 12 16 47 63 62 4 27 58 34 22 49 53 54 50 44 32 41 21 23 1 24 32 8
27 6 8 22 41 59 6 35 59 50 48 32 33 14 17 34 38 60 55 42 6 59 8 7 49 58 59 64 34 35 31 44 48 14 21 58 33 30 42 49 37 4 44 40 64 53 54 17 3 37 19 19 18 42 31 6 57 55 49 10 57 21 24 13
32 2 37 46 19 36 14 33 55 24 38 60 23 63 59 46 19 61 1 8 60 56 60 32 61 36 63 5 41 36 12 58 34 64 41 51 23 62 36 13 2 7 26 35 64 2 62 44 57 12 34 50 12 40 25 61 61 23 3 26 48 13 61 3
50 10 46 60 35 7 60 3 47 12 34 32 36 1 50 31 62 52 51 53 57 1 55 32 25 19 22 34 56 12 15 33 13 37 56 13 52 56 58 58 31 27 34 1 14 34 38 27 57 35 59 7 35 3 7 34 23 43 35 20 50 43 14 33
27 42 17 43 1 1 14 54 11 14 27 32 7 44 10 45 48 28 31 23 5 36 42 48 38 55 6 56 25 36 51 28 53 32 59 34 31 28 3 8 3 1 50 4 53 27 43 44 19 18 22 64 19 31 28 40 47 26 38 35 23 25 8 38
62 4 15 7 45 52 35 42 17 58 46 32 60 59 45 6 27 50 21 19 4 11 31 50 50 25 60 58 4 53 24 34 1 51 56 34 35 53 52 9 14 56 45 15 42 16 34 17 16 23 37 64 1 37 54 59 48 26 41 38 25 8 64 58
54 63 34 64 58 6 59 17 23 60 52 5 33 6 42 41 14 57 3 6 64 51 52 4 32 25 12 16 46 52 51 41 29 51 26 7 19 8 22 4 32 42 20 59 51 15 61 19 62 43 36 23 21 19 41 42 21 25 22 47 20 14 56 33
3 7 9 6 44 3 45 9 11 25 55 48 27 9 46 63 41 50 38 64 22 17 8 31 3 24 55 10 35 33 8 46 51 23 28 15 11 1 10 61 1 35 32 18 11 19 58 38 18 50 34 1 36 46 46 59 63 63 9 46 60 10 58 40
6 33 39 63 28 51 45 16 31 21 30 20 34 40 59 52 52 36 17 44 40 61 63 60 53 3 29 38 4 42 5 4 43 30 47 39 39 7 61 2 23 42 61 33 58 6 47 4 47 20 25 2 38 42 42 24 13 44 40 8 17 64 12 37
46 25 25 39 34 45 9 43 19 21 64 24 41 63 38 19 39 32 48 16 7 32 35 35 45 10 60 53 55 27 11 49 56 63 51 64 6 6 32 46 49 8 27 11 49 29 38 55 23 7 30 50 16 40 56 7 1 11 50 7 37 58 19 21
43 52 15 53 30 30 15 6 42 16 56 21 8 57 13 14 58 46 15 9 57 37 56 43 31 31 30 11 9 51 9 1 20 14 12 28 45 46 39 10 39 23 49 37 22 10 35 36 13 9 18 30 40 35 44 10 56 41 8 50 62 1 6 47
44 18 31 45 55 36 6 35 40 3 7 56 49 5 10 35 27 11 22 20 20 14 5 16 12 12 47 4 48 45 30 43 11 43 57 35 27 47 33 25 11 27 13 34 17 12 51 55 15 57 37 60 19 16 61 56 15 41 7 58 32 36 8 31
48 17 43 64 9 16 13 7 11 57 63 55 3 49 30 27 60 1 28 61 28 62 5 22 5 11 14 57 23 61 51 45 19 50 11 11 62 18 60 23 6 3 19 34 53 7 55 50 57 2 19 56 14 11 2 39 44 42 45 16 61 14 11 34
14 54 2 10 17 10 37 53 32 31 50 15 36 31 51 47 50 21 30 13 47 58 38 52 33 40 26 56 61 10 6 24 25 10 23 54 4 10 56 19 31 36 12 36 2 48 17 41 54 24 37 64 13 20 59 5 38 38 50 53 22 1 2 64
33 37 1 22 36 58 25 47 57 53 36 54 5 57 15 35 11 4 27 32 25 60 57 19 16 33 24 56 6 60 26 36 30 61 2 25 11 59 13 1 36 25 54 58 24 31 21 9 16 62 21 34 14 9 52 22 25 41 55 1 9 28 16 48
26 38 12 12 48 32 1 34 20 62 19 54 61 41 19 54 13 54 36 51 56 58 5 15 40 19 6 62 46 18 31 18 54 59 27 6 22 9 58 56 38 4 22 12 31 46 51 2 1 51 40 23 7 41 50 6 13 36 53 3 13 27 27 54
21 3 11 47 59 34 16 12 52 15 3 14 19 10 15 14 19 5 2 46 11 28 7 38 47 26 9 3 64 26 61 44 17 34 48 38 8 56 63 8 47 25 48 39 7 18 26 55 49 59 37 25 13 20 36 34 41 42 61 50 45 2 13 58
12 34 21 51 47 20 15 7 38 1 59 60 57 41 57 9 3 22 8 58 39 22 16 43 30 46 13 52 29 52 29 28 9 33 11 29 22 45 61 41 51 24 28 30 36 51 49 41 15 4 31 54 24 8 20 24 40 31 6 14 21 9 7 22
39 31 3 1 41 32 2 52 6 58 12 36 22 26 28 12 35 45 28 58 2 27 19 22 61 45 15 15 45 5 60 8 8 51 50 20 30 4 40 15 51 40 7 35 50 35 40 47 12 16 13 39 4 31 3 42 19 33 2 1 3 56 55 56
42 47 26 47 34 51 53 26 16 51 50 33 15 9 64 60 18 59 9 62 31 8 25 19 36 26 29 7 41 63 61 59 25 60 11 10 27 33 25 18 24 56 64 29 59 23 52 15 42 31 38 50 38 9 32 27 28 32 1 8 32 44 57 60
17 23 33 49 36 39 9 51 60 19 1 30 37 25 36 51 4 32 60 27 53 42 26 46 23 53 62 1 58 30 41 6 41 8 9 56 59 16 45 59 17 31 22 11 21 9 4 59 51 45 35 35 53 4 25 36 34 4 43 52 46 6 63 58
12 35 25 49 56 13 39 38 15 28 47 63 50 3 59 44 57 25 1 56 38 24 37 13 27 20 3 4 42 8 10 24 5 39 63 28 3 58 17 3 6 26 48 62 52 64 36 32 33 41 60 20 29 7 8 45 29 17 40 25 30 43 52 64
20 59 30 30 34 51 41 56 52 20 37 30 4 17 3 51 1 13 33 43 57 13 44 23 48 62 24 43 61 51 15 17 15 25 1 21 45 43 13 35 63 23 1 39 1 17 39 56 33 46 20 22 16 17 32 11 11 4 40 62 1 17 58 46
42 53 29 38 52 34 43 23 1 12 12 60 52 37 54 19 28 37 60 49 48 19 32 17 35 52 31 14 16 8 27 56 52 18 42 28 7 17 21 16 41 56 49 44 48 31 27 29 63 1 41 40 51 46 61 63 5 27 15 5 8 57 58 3
11 26 30 31 18 26 15 36 35 2 2 43 1 30 61 57 12 55 58 29 49 27 18 8 39 25 12 20 45 55 49 58 37 9 57 58 43 27 18 57 15 42 4 54 38 57 17 63 1 56 50 2 14 11 25 34 17 17 57 55 51 13 15 4
27 52 61 41 8 29 42 44 24 10 34 33 7 43 18 15 37 45 47 58 37 52 35 48 51 11 39 40 25 57 42 33 7 40 16 8 40 2 56 33 57 40 55 45 36 12 34 33 14 41 7 60 7 11 56 35 26 52 30 41 22 11 48 50
28 54 18 48 48 59 36 44 58 14 57 13 11 16 54 39 21 42 16 8 41 52 41 29 37 48 64 27 37 15 5 11 18 42 58 35 36 31 11 5 22 15 24 43 11 27 52 24 55 26 24 1 8 27 63 43 49 3 17 57 59 61 39 11
59 48 59 62 2 27 14 18 42 31 39 15 22 32 37 52 25 64 34 16 10 50 61 22 33 15 14 42 3 60 7 40 40 5 42 21 14 27 50 56 32 10 7 47 24 39 25 62 2 55 40 18 32 47 47 51 23 7 51 49 13 51 30 58
39 25 64 54 22 60 37 11 23 1 33 61 33 10 14 52 46 47 62 36 10 12 35 17 40 64 61 38 15 6 55 37 29 22 9 37 18 51 24 44 8 51 15 9 35 29 32 46 20 55 47 20 20 54 51 61 41 25 34 30 4 35 28 63
39 54 2 47 17 25 17 59 52 37 26 47 48 47 58 58 9 49 13 2 5 58 57 45 32 8 45 59 38 37 61 40 32 6 5 60 2 15 55 37 61 63 2 42 27 36 10 19 55 20 16 27 26 3 23 23 59 57 9 7 11 36 39 22
47 64 45 32 49 24 58 63 17 36 24 37 52 57 3 27 24 60 45 35 16 23 16 4 12 26 56 29 50 4 35 16 3 21 49 5 22 47 43 32 38 55 1 54 44 31 55 53 41 38 52 11 49 60 6 44 48 17 14 24 46 53 53 17
36 54 60 12 18 17 33 43 54 57 16 38 11 34 22 29 35 53 9 61 9 18 15 33 13 39 10 31 53 18 21 23 45 12 10 3 8 42 54 57 47 26 42 6 25 7 32 55 22 59 43 45 53 33 7 14 24 13 18 3 13 2 51 6
35 52 19 50 18 43 22 19 49 1 57 6 61 45 35 64 33 51 19 28 51 13 14 17 9 63 21 45 18 42 35 21 19 4 1 42 2 56 43 18 39 12 29 34 15 45 56 23 26 43 60 63 32 34 8 28 19 44 10 50 55 26 47 15
2 28 18 13 37 23 63 9 57 24 41 21 1 45 10 22 1 60 58 23 56 26 20 34 40 4 42 34 45 42 24 35 15 51 7 54 64 50 47 35 45 59 27 47 2 12 64 39 59 2 59 51 13 36 48 30 24 6 59 5 29 20 41 64
54 52 47 26 32 33 52 53 21 3 20 38 47 12 17 59 50 54 31 22 9 54 40 25 42 4 42 56 31 61 39 62 31 46 28 5 47 38 27 47 55 16 45 45 25 2 19 5 24 2 38 32 35 12 24 48 6 23 12 52 34 15 14 62
49 13 27 58 28 50 37 41 30 8 38 35 25 45 15 23 25 50 45 5 8 12 6 58 27 26 64 19 41 34 49 9 49 59 61 7 3 1 41 27 64 48 38 58 27 51 45 46 17 60 28 17 54 25 21 40 9 18 30 29 54 20 9 49
48 1 50 41 53 53 60 50 28 3 34 55 56 6 53 29 56 56 46 10 39 14 46 9 5 50 42 33 44 40 35 19 9 60 40 6 1 55 31 37 46 45 37 3 49 62 64 62 35 52 47 36 50 3 47 11 53 35 53 5 37 31 58 10
18 13 23 64 13 42 45 51 53 2 34 12 31 7 64 54 18 33 14 63 24 14 34 62 32 7 19 44 63 48 18 50 7 51 57 27 62 30 42 24 10 11 61 50 9 15 59 12 3 63 58 22 62 20 46 44 38 54 1 3 32 23 22 60
6 30 60 36 42 55 23 10 42 1 18 5 40 33 11 46 40 60 50 44 63 21 52 22 60 31 12 2 7 19 15 9 49 29 2 36 39 50 12 62 37 5 42 49 1 46 36 55 26 39 25 38 40 11 1 42 33 9 14 51 32 25 61 10
54 60 40 50 52 16 22 40 11 52 43 35 26 10 57 10 8 22 9 63 3 8 13 34 24 13 10 2 3 27 14 5 44 24 22 51 13 44 37 25 51 13 3 15 50 1 57 25 5 34 41 40 13 64 20 31 7 22 30 51 5 7 9 19
45 61 9 49 15 15 60 14 50 46 61 61 63 43 12 26 8 55 51 58 23 10 57 18 34 49 51 26 57 6 17 21 58 7 22 12 54 36 56 23 58 8 49 54 51 49 55 63 41 48 14 19 24 36 14 39 3 42 14 51 59 24 22 20
23 37 41 23 24 32 15 1 44 33 54 38 28 37 23 60 49 47 61 30 40 9 25 49 18 8 55 10 26 10 53 3 21 32 8 26 19 2 59 29 14 34 30 18 23 28 53 38 15 62 9 44 57 54 36 38 41 8 25 40 53 54 25 35
52 34 24 4 57 22 12 12 52 52 52 50 39 24 33 42 40 4 23 35 45 45 22 22 4 54 31 2 43 49 6 33 46 60 17 54 11 44 5 36 17 18 49 52 54 48 62 15 47 43 38 41 32 51 6 4 35 10 47 54 36 12 64 64
5 27 16 62 2 3 46 42 19 48 35 42 4 44 1 36 8 32 13 14 64 27 12 14 9 1 4 42 2 11 63 46 22 54 62 31 61 39 58 17 32 45 19 58 51 50 34 42 61 41 35 16 6 50 57 17 29 41 14 59 21 16 40 59
2 23 42 48 7 6 59 49 12 54 62 55 49 43 3 46 3 47 42 48 62 20 47 49 4 19 41 12 63 55 59 51 21 56 17 10 50 38 54 61 39 49 33 50 48 49 37 36 26 8 42 20 55 25 4 22 7 48 38 30 52 52 24 42
50 14 24 31 15 43 29 47 45 16 2 52 39 8 5 25 53 16 8 35 49 36 18 55 21 35 28 42 47 55 7 60 36 21 29 29 27 25 33 26 12 20 20 32 42 19 10 18 22 45 30 40 32 6 17 43 37 8 11 1 4 36 61 33
25 14 21 57 45 3 16 27 21 57 21 29 61 18 11 59 61 13 28 47 53 19 3 47 11 55 62 27 34 5 51 60 2 25 51 25 34 61 2 62 20 11 23 60 26 12 64 9 43 7 60 56 10 22 3 18 34 58 61 13 9 17 14 20
47 37 48 7 36 16 43 56 44 44 52 25 37 29 59 17 38 57 1 42 53 6 10 59 28 38 62 61 55 31 51 15 53 30 4 28 51 4 42 32 42 41 55 7 1 60 62 7 38 33 16 19 49 40 26 39 41 7 7 50 40 25 34 30
5 14 39 63 18 17 41 21 35 18 47 3 34 30 3 14 4 4 4 58 51 10 31 62 4 24 59 42 47 36 31 18 12 30 28 31 55 36 40 48 6 3 55 39 11 18 14 26 24 44 4 54 13 60 29 44 59 39 5 39 7 16 38 56
18 38 16 54 52 63 35 28 10 54 25 30 2 10 15 33 4 60 55 27 19 54 33 54 3 48 41 27 24 21 8 44 3 3 63 54 32 7 47 17 18 51 43 31 12 42 35 22 51 59 17 37 44 25 14 11 47 24 33 3 1 63 60 23
11 54 3 41 40 51 16 19 37 17 1 55 7 38 59 48 38 62 8 24 45 7 28 48 25 63 33 7 39 21 61 35 19 28 49 38 56 17 13 22 15 13 31 61 19 52 57 3 8 20 30 34 2 20 1 62 13 63 56 54 28 3 20 25