5964 8816 11644 12016 14063 14697 12757 10787 8728 9282 12493 17922 24167 26082 23750 18654 15632 14531 15502 16590 18137 17697 16539 13077 10032 5999 6378 9360 16720 22697 27020 27927 28040 28383 26965 23418 20826 18825 17518 12344 10408 8477 10623 10056 12134 11920 14888 17481 22739 24483 23938 19337 14605 11031 9314 8776 10408 13828 20024 24217 28248 28974 26193 15915 
4999 8140 6501 5614 3596 6892 11339 17605 20590 23523 23995 20702 13801 7049 4885 5213 4570 4796 6270 10512 14285 14241 13384 10431 11605 12449 13236 13952 12700 12410 7022 3961 -894 -2051 -1483 1180 3792 4874 5394 5174 5477 7586 9259 9943 10443 14556 15079 10878 2121 -2725 -3208 1481 8557 14502 15313 13133 10952 9524 5540 824 -754 2969 8297 7439 
2517 4329 7253 6989 11026 12222 16657 13892 13229 8819 8348 8804 9804 12607 13915 17300 16714 16646 14547 13225 8496 5852 3239 3710 5319 10533 15179 14055 10446 6442 8012 8947 11568 13041 13298 14123 11612 11846 12077 16837 19062 17925 15207 13261 11761 9750 8113 11266 15416 20835 21160 16746 9616 3979 4949 8575 11210 11015 11624 15337 16433 15473 9944 5611 
10154 15208 16035 14227 11287 10589 9478 12996 12032 12774 10454 12466 16665 19986 21856 18091 15911 8768 4974 1081 6759 11537 17030 14628 12577 8033 6541 5967 8766 11114 13658 14662 17605 18469 16831 12674 9340 10042 10343 10498 8474 6797 6872 6507 6868 6677 11214 15445 14984 8432 5119 8112 13732 15861 15972 16673 19261 19286 15183 6211 2863 5793 12959 10879 
47 865 1396 3221 4325 4888 603 -2822 -2975 2702 5997 8890 7745 10896 9780 11230 11002 17273 22443 24505 18760 11371 6512 8052 10078 14619 15693 19938 20516 23355 22302 22461 17423 12400 7317 5564 8889 10686 13454 11738 10971 11323 10686 12887 11530 11420 3151 -1061 100 8777 15481 15831 16487 17407 16870 13482 8202 9926 13256 20320 22122 19340 11306 4141 
3746 7609 11073 14088 16656 18603 20840 19381 15535 8003 6844 6765 10506 6615 3138 -2036 -4128 -6719 -5449 758 10281 14272 13362 9069 7587 4895 3505 2920 3552 3466 402 -44 871 6125 9209 12610 10589 6697 2012 1253 3592 3380 3991 2324 6423 5954 11392 10635 11271 6169 4153 6579 9069 12241 13818 15426 14581 8866 5814 4928 9662 14257 15970 10936 
7539 10723 10749 8324 7258 8233 10303 13614 14189 17417 16148 15904 9479 6890 5867 9799 14393 16954 15174 9423 4229 2878 3977 4258 6465 8826 12493 11787 14528 15575 17819 15905 15132 15510 17248 18230 16182 13279 8940 6765 4850 4685 5110 5835 6740 10088 12101 14888 14521 14179 13396 12459 12297 10471 6660 2511 2749 5462 10395 11201 11486 9747 7330 4044 
8575 15073 15961 13851 9365 7236 7446 6221 6821 7484 11849 11734 9351 8234 10343 15992 18114 17496 15554 13239 13448 11411 13446 14144 14729 12903 13666 15938 15941 13297 12555 13485 16267 14804 12144 9767 11752 17932 21561 21888 18329 17000 14264 12468 8701 9337 9087 11039 12824 15091 15489 12105 11726 9089 10409 10898 13372 12210 6622 3677 3826 5704 5563 2862 
7735 11272 12246 11554 12440 12214 12181 12240 9810 8186 5178 8156 13176 17024 14881 6936 2366 1585 4584 5057 4089 4265 5123 8746 11126 12490 8667 5896 6434 10484 9976 6497 1464 1262 -63 -522 -3501 -3014 -1326 5368 10015 13167 12356 13134 16060 15483 14978 12374 13247 12177 9265 7037 3929 6733 7907 10271 8602 10699 16819 21863 22147 18734 14755 9086 
1623 3434 6914 8420 10565 8180 10857 9553 12532 10735 12016 11343 11082 10494 9479 9003 8707 10528 14486 19972 22012 22447 21333 20035 16772 12517 11653 10080 9799 9051 13757 16485 17559 12577 10667 11351 16006 17116 13278 7006 1643 788 366 677 -1687 1250 6473 13311 15097 12285 10203 5750 6375 5576 9664 9421 10116 8273 8975 8154 6663 5054 3665 2631 
6715 9144 6524 5158 4968 9740 11205 12465 7797 3725 2372 5389 8141 8358 9842 14167 17038 15876 9925 8233 9402 12508 10472 7201 6222 10929 13233 13681 9266 8251 8651 10431 10102 8415 6713 4885 5239 6024 9870 8889 9815 9048 13871 15252 16094 9986 3636 -3458 -3969 -104 4712 7920 6685 7124 8043 12673 15192 16589 17582 18637 19776 17354 14470 7962 
4714 5401 5561 6545 9987 12919 13558 17257 19367 22077 19347 17414 13454 9986 5882 2864 3465 5771 10629 13323 13879 14252 15788 17463 14743 8910 5238 5190 7117 5850 5152 6451 12750 17380 18730 14665 9788 5737 4608 4796 4448 4302 6372 9923 10416 9839 12126 17230 17992 12394 6033 4967 6886 8209 6041 4303 5177 6820 8244 7205 7324 9560 11792 9135 
5888 10651 11398 11956 12053 9944 8756 4410 5275 7888 11807 14725 14672 13030 7171 1560 -743 1994 4885 5304 4190 3153 5463 5660 10661 11543 13765 8269 3781 1538 4086 9990 12157 13321 11280 12600 11620 12556 12111 14740 13855 11540 7032 4624 3707 1832 -731 -1322 3366 12432 17165 17795 14580 14739 13590 11364 9345 10096 11425 11980 13575 17867 18337 12391 
4533 9541 16020 17074 16817 14034 9926 6568 3372 4764 6701 11253 13427 14999 12963 10684 5840 2738 2955 8141 12541 13358 8896 4505 -476 -3458 -4001 1557 10409 18480 20640 20458 20063 20026 18191 14862 13689 15167 13253 9319 2736 3241 7218 15442 17747 16613 13423 14536 15630 14479 13857 16016 19702 20750 19083 16858 12630 9399 4483 2682 787 1702 1785 1431 
1615 1112 797 5040 9649 12454 12176 14846 18625 19641 16960 10359 5394 1367 3240 8682 16923 22639 21527 16586 8597 5318 3209 7550 14089 22833 25907 23980 17162 12314 10639 9703 7500 4785 6397 9632 11371 11654 13965 15417 16020 13174 14265 15642 19320 18541 13416 6331 1922 2913 3076 3652 4092 4703 5438 6777 13692 17231 19354 15279 13844 9779 6856 2756 
3364 6753 9445 10192 8171 7554 7802 10675 11589 12977 13451 17092 19525 23751 20918 17664 9131 4231 627 5097 14170 21084 23661 20495 20101 15558 12929 7811 8089 9611 11936 16286 18189 21373 17939 16800 13252 11970 5723 124 -3139 12 7110 11175 13545 11981 16172 16426 16270 12182 11393 12800 12212 14754 17151 20322 15482 8291 3666 4568 9165 10327 10636 5815 
7017 11743 16168 16184 17068 12649 12585 8272 9567 7303 9997 7405 7785 5109 9962 13121 19939 22077 24969 21295 16617 9482 8114 5616 4539 3186 6786 10069 10774 6884 3520 2443 4457 6759 9792 11698 17237 22025 26325 25333 20994 14457 6948 2604 2199 5600 8985 11925 16261 16037 14782 6968 3976 -99 493 2543 6784 10768 12427 13550 13692 13070 9674 5261 
5595 10301 8568 5565 -1637 -1058 1190 6248 4973 4455 2620 4508 3111 6103 7438 11778 11068 9197 5377 4517 6182 11117 13769 16772 14628 14218 10119 11018 11633 14556 17127 17152 18373 15894 15278 11373 6201 -71 -5010 -6604 -4366 -876 6253 9690 14244 14414 14873 12131 7566 6751 7826 12657 12309 12109 11013 11862 12229 11420 10615 9292 6504 4692 2475 1831 
3129 775 475 3047 12083 17158 16438 14721 13674 16285 18164 21073 23652 21260 15414 8742 8156 9795 8823 4455 -229 1182 7028 12984 16866 18404 18940 16644 11091 8732 4670 5476 5483 11605 15079 17911 19429 20420 18269 14604 13386 14356 13419 9608 6867 5109 4228 2623 3400 7784 11087 13046 11673 14608 17934 20080 18163 14867 13144 10473 10716 12586 16332 12031 
15144 25239 27096 24689 19268 13414 11452 10933 13968 13449 11096 4765 2727 3401 7100 9357 8345 5988 4417 8956 18074 20788 18129 9703 5965 2594 2729 6100 13612 18624 19533 16928 14326 11253 7190 3328 1666 226 1764 3364 7443 10828 14648 17687 18462 15760 15945 15953 19033 15892 12830 7615 6102 5543 5943 4831 3404 4437 6054 7884 7546 8189 8112 5623 
-3932 -7101 -5919 -4286 1223 2624 4623 2765 4640 8926 14507 15363 11972 10087 12386 16397 18086 19782 18992 15756 6072 -209 -4046 -761 3203 8581 11940 10972 8790 7040 9147 12163 12737 9875 5847 2529 194 2502 5076 10200 8081 7091 2530 1141 1689 7333 11422 13231 11024 10594 9141 9367 11334 15629 20648 24902 24490 21090 16756 15418 16164 14740 14053 8322 
5059 12474 17306 20614 18701 17440 14621 11723 9203 6249 5220 5621 9870 14626 18688 18901 15725 11291 9425 13536 20171 26330 28386 24635 17395 9426 4494 4196 3723 3988 1714 1464 4397 8240 13197 13592 15887 12553 11076 6263 10099 14571 21101 19416 16562 8806 7416 4972 8487 5982 5956 4851 8754 10223 9383 7248 7416 8989 7867 7024 6160 9324 7912 5487 
6054 7964 8360 8817 9720 10638 9093 9769 9710 12122 14685 16578 17956 16232 13060 8957 9088 10367 10288 5648 1725 1468 4418 6974 10182 13411 20260 21954 20373 15177 15105 20201 24823 27519 22805 15916 5928 4210 8061 13554 12344 5880 2853 4311 10012 14382 16032 14835 10817 10155 10451 12574 12017 11872 9190 3973 1101 1257 6170 8854 12334 12857 10260 5124 
8668 13919 12723 11926 8827 6507 4731 4370 8913 10648 10816 7612 6095 7217 8350 11691 13794 13015 11043 11209 17137 20758 21828 18481 14635 10143 4332 2320 1676 3437 1185 -1838 -4052 -4255 -537 5793 13460 14898 12675 8459 10362 12981 15756 12749 8795 5500 5199 4303 2734 752 2706 6477 11122 10810 11221 11718 14618 14275 14154 12986 10734 6651 4989 3296 
4487 6942 10620 13703 15994 14532 12668 11045 6755 2993 4196 8981 10632 6815 4197 4003 4346 3680 3035 1856 -371 -2496 -2345 -649 3339 5454 9428 9752 12837 12723 12846 12067 13178 16942 18049 16489 12186 10797 8774 8601 5943 6362 4616 5036 5213 9204 11757 15120 15673 19627 18747 16763 12735 14410 16671 16247 10108 8323 7292 11952 10654 11212 7094 4419 
7076 12880 15758 14392 8714 3186 -1159 782 7355 17559 20250 18144 11605 11170 11326 11591 10727 10580 13115 17090 16539 14302 6706 3097 -696 2103 4530 11020 14254 19803 19376 18695 13393 9247 6524 7197 12476 13803 13627 6868 3068 1270 6824 10832 14799 13333 16425 14447 12200 5898 4846 5579 3755 1536 1175 7564 13280 14247 13575 10652 11792 8875 7357 3175 
4379 5947 2810 275 597 5368 11606 13854 12943 8764 8082 7015 10995 12809 17777 18122 17585 12477 9632 8618 12452 15804 18312 19176 17917 16772 16875 16250 12836 4426 534 -868 2082 4986 8288 8635 6474 5960 9295 12380 12367 9942 5166 4641 3647 8535 10258 13583 14097 15272 15555 14956 14176 12608 12237 9708 10543 12858 16177 14849 8114 4879 4490 4921 
5090 7187 7101 10429 14013 17508 17480 18603 19010 19166 15029 12614 8049 8701 5150 3368 -328 246 2636 6443 10743 14273 14111 10243 7027 7993 8274 10206 9578 14472 14015 15960 12481 11836 6795 8429 8494 9702 4298 2357 6089 13968 20044 19410 14214 7835 3691 4875 7363 10787 9315 7083 4993 5943 8724 10592 12481 11417 9007 5186 4428 6368 7564 5392 
6291 8619 7869 6543 6059 5467 3804 6002 7931 13789 16772 21343 21340 19739 15896 16303 16723 20176 20791 22842 20306 14994 8327 5525 5490 7821 10726 13864 12874 8228 6587 9241 14997 14406 10844 4019 3827 7316 15465 17151 12647 3734 90 2689 10618 14085 11805 4929 3041 6006 8802 9498 9876 11107 9458 5676 4601 5485 6143 4246 4658 8067 10550 7874 
130 1563 6369 12273 15620 13414 10973 9088 8182 2834 -2480 -6124 -5764 -4134 -1324 205 684 -112 -184 1396 1458 3838 6450 10794 11458 7104 4519 3558 10918 15094 18429 14789 12412 12385 13607 14712 14290 14014 12325 9282 10549 13176 15040 10740 4392 3381 8401 18154 22715 21457 14572 8581 5925 7429 11023 14260 17360 20262 23365 21658 16178 10312 8305 5842 
4570 10212 13968 15671 12716 7876 5158 2596 6345 10456 20483 24742 27280 22757 16962 8865 3459 3780 8181 13326 13952 12349 9891 10315 9877 12634 12428 16133 13810 14011 8960 7919 4145 3844 2632 6173 10444 16278 19064 18534 15127 10889 9458 10918 14845 17359 15810 9682 4250 3904 8904 12109 10923 6570 5738 6877 8013 5588 2776 1218 601 -686 -2005 -1863 
4538 3398 463 -403 2360 5856 6388 10406 9047 10381 5080 5593 3849 4176 3650 5841 10520 14137 13371 10454 6203 6055 7841 12243 15022 13143 10073 5315 6119 4062 5344 3352 7965 11830 15740 11914 7922 3437 6011 8047 10180 8357 6882 8553 10676 12919 11896 10781 6660 4702 1936 3636 2803 5920 5508 8428 6758 6220 2118 2650 6473 15130 18199 13220 
9600 15495 15991 16378 17237 18286 16048 11623 11285 14349 16616 12422 9107 10654 16379 19426 15811 13616 10562 11593 8539 5930 4665 4494 5820 4700 5264 8312 14374 22114 24116 24570 18565 13959 6009 4030 4297 6934 6058 6557 11179 17926 22667 20713 19585 14742 13689 9395 11044 12188 15564 14694 12948 9622 9098 8948 8633 5948 3198 4231 8828 14457 15550 10274 
2621 6041 9563 11928 10317 9430 10194 14425 13330 7334 1795 3081 7308 10512 8377 6700 6782 10160 14778 15739 16597 15944 15171 15688 17139 19600 19716 16063 14778 10243 9776 4987 4079 2702 8419 13954 17831 17358 17808 17482 13097 6191 -297 -3259 -5218 -2457 3675 13161 16593 16108 13244 12131 11772 9678 9609 8218 8943 9967 15050 16039 14983 11294 11675 8023 
3461 7311 11343 13484 13669 10473 8183 5495 6335 11539 18750 21266 19803 15556 18449 18883 17973 11866 7922 8766 9343 9082 6723 3851 1108 -2757 -3434 -2782 -723 375 1260 4146 9346 15481 15788 12258 7171 5800 1793 -1076 80 9173 19765 27121 28695 25175 17783 11504 10939 12856 14875 11073 6923 4565 6231 10030 11440 10416 8263 8333 11563 15933 16489 11039 
7217 11599 10997 10716 11001 15488 19067 21179 19748 14539 8016 1835 -2758 -1524 -1141 2306 811 3623 7504 11450 13534 11687 12920 14697 17892 19421 19959 22556 22737 19440 11023 4956 730 -9 1142 6976 12071 14219 14895 15828 13969 7858 27 -3094 -3076 3013 9000 15221 14072 11732 5892 3605 2012 2266 1964 -344 915 5716 11968 13109 9191 7770 9127 7885 
10120 15007 15793 15553 16407 14286 9810 3388 -377 2374 9601 18194 22341 19733 15636 10617 12389 14625 18177 16900 14157 10431 8873 9198 11208 11876 9021 2726 -1683 -322 7369 14123 17121 14412 10164 4685 1541 546 2871 6612 13467 18865 22414 20007 17031 11588 11187 8913 10774 8587 13246 17280 23481 25872 24641 20905 12563 5477 -1713 -1065 5232 13060 13724 7880 
226 1823 3762 5343 4581 4752 5895 8298 7693 5259 2041 1980 4084 11036 15786 18440 15780 14558 13493 12117 10210 6272 4360 3051 4394 4408 5531 9330 15510 20050 20569 17047 13966 13787 18459 21329 19094 15276 10754 10854 5710 5326 3550 10660 13070 17648 13537 14270 12263 14085 9972 3811 -665 -1355 1501 3031 6220 10908 18685 20842 17050 6704 -239 -2424 
10370 17511 18413 13238 8251 8130 10264 10361 8005 7343 8144 10079 8878 6961 4020 5077 9440 15341 18703 19803 17727 17665 17359 17061 13996 10676 9922 11687 13724 15842 13617 11299 6298 3748 843 -244 3468 7491 15561 17908 22374 21111 21227 15643 11476 6652 6123 6169 5484 8101 9203 12675 10696 10973 10875 13101 13998 14698 11215 6850 3629 7249 12431 10676 
4436 7418 8896 14734 19416 21976 20560 17956 17111 13884 11943 6599 6456 7603 12039 12281 9477 5074 3183 4982 9638 12217 12175 11937 15523 19122 20316 14610 8675 1126 -830 525 7594 14779 19021 18644 13959 7218 174 -2790 -1584 2609 5147 6522 7627 9510 13295 13726 14579 8534 4382 -536 2847 8202 15156 15074 11733 6702 9054 16211 22431 20234 11790 3950 
12441 19644 18976 12950 4531 459 720 5752 10193 11348 9415 7291 8377 11759 13387 14935 14244 14503 10290 8400 9212 13955 16011 11892 5049 365 -422 5302 7998 12998 11497 11969 9701 7599 6500 4391 6456 10651 17343 18342 13374 7750 6474 10116 11144 13081 10462 11895 9718 12204 11947 13480 13493 14267 13091 10263 8201 9523 11839 12614 10767 11993 12054 9299 
5745 11092 16331 18159 19308 17704 13078 5300 784 2385 9091 12429 9149 4393 4455 10075 16741 19933 20271 14684 7851 1543 2007 7574 16654 22523 21432 12883 6669 4732 9054 10499 9936 7856 6670 9547 10793 12851 8414 7515 5571 7466 6332 5681 7255 9816 12208 13043 14075 15483 14011 12643 12870 17622 20445 19896 15253 11644 9043 7773 6500 8809 10369 8516 
5577 8126 4904 5018 2474 4931 8083 15675 18590 17666 14356 14195 17363 21432 21702 17968 9974 4081 -1542 438 6828 17680 22375 19241 11784 7906 10290 15479 18818 20106 19481 16248 10283 6620 5635 7088 6264 7476 12529 18068 20368 17238 12341 10395 7509 5774 3718 4775 6380 5440 4630 2951 1912 -672 1908 7627 14132 13707 7674 2775 2452 5571 6543 4211 
11159 17065 18563 16954 17864 18475 18615 14727 9443 7327 9132 14010 15055 12316 6496 6317 10407 16466 17533 14035 8717 3089 -373 -1284 3496 8918 13988 11744 9595 4889 3231 1078 3594 6915 10388 10256 11497 11908 11556 10552 8926 10782 11383 15274 17360 19854 20410 19055 17651 14296 13325 13019 14894 16468 15593 14496 11155 8990 9369 14028 19712 20797 16516 8721 
8746 13032 12803 6760 3720 3724 9105 15301 18306 18063 11303 7187 2824 4296 5595 8789 9515 11172 9662 10104 6455 7392 7172 9983 8050 6580 5866 8574 10317 9237 9275 10015 11118 6982 2509 482 4290 11161 17502 19589 18139 13003 9360 3403 1678 1721 5991 11138 13197 15426 15066 15649 13307 8928 4839 1941 2506 1620 435 -3745 -3536 -1976 2608 2556 
8176 13468 12874 14339 11717 11091 7549 5722 6102 5272 10783 12819 19115 19848 21601 20917 17436 12939 9267 8804 9315 6875 4031 4408 7630 13498 12487 12128 9203 10912 9847 6792 2237 773 1376 5082 6668 9274 8328 6171 4329 3901 6386 9653 13359 15386 13356 10255 10055 14249 18013 18225 13270 9173 5610 7996 8504 12392 13716 18800 19625 16963 10891 4724 
-1693 -1511 1064 3570 8489 9809 13336 12072 14972 13544 10364 5791 2299 3180 113 454 3179 11229 17131 17079 14734 10929 10722 9602 9747 7516 9528 10703 12856 10720 8354 8363 8693 12453 14860 19982 21821 20749 17645 16729 17234 18326 13999 9768 6411 9713 16630 18778 18413 13788 13095 11533 11972 12974 14194 11309 10271 7227 8714 4525 5883 8529 13393 10360 
13771 19722 18327 13136 11348 12870 14702 13067 7188 3946 6041 10012 11518 10375 13546 18681 20548 16914 9928 8266 9777 14083 14600 11488 8767 8527 11509 15309 16447 19446 18850 19568 14963 10552 6970 7017 9758 11938 13284 12537 11489 9629 10665 9105 6492 -165 -2859 -4251 -1280 1187 6134 7543 7670 6479 6745 8277 6386 7411 7553 11327 9384 8947 7127 5483 
3617 6772 8741 12157 12287 12510 10332 9929 9547 9397 9123 9263 8943 9199 5679 4759 5311 8555 8317 4389 -300 344 4412 11099 13807 13963 13081 10415 11127 8857 10708 10583 16308 17886 16512 7175 1587 -316 6130 11471 16658 18334 17962 17888 15928 17027 14912 15585 13442 13295 10870 10716 10932 11521 9495 7208 4660 5164 7861 10955 11246 9085 6670 4049 
6383 9538 13989 15340 19938 20327 19678 14441 9468 8364 12786 16448 17113 12833 13563 15172 20267 18413 15991 10593 11505 9352 7694 3505 5506 10342 13330 13451 11896 10973 8510 6966 6720 8219 5572 4964 5105 11032 13241 15876 15098 12218 8685 8081 14908 21638 25185 23571 19982 17219 15580 13088 11047 6945 8415 8787 14762 14589 15223 10671 12469 12181 12125 6188 
1549 4909 6390 9331 8200 11155 14134 16939 15681 10597 7519 3835 6038 9644 14642 13392 7351 5195 5486 9674 7518 9518 11315 14289 10314 6842 9041 16285 20373 19760 14668 13064 12287 15709 19000 19156 18765 13515 10195 3706 3384 7054 12783 12272 8522 4008 2913 2363 6447 11682 16440 15884 16231 16063 17418 17380 14861 10613 3941 1937 1883 6303 8479 7197 
3433 7960 13202 15192 15801 12952 9400 4609 3133 469 1716 4084 7745 9030 8744 13633 19264 23230 23457 20751 21204 17215 17242 14484 16049 11921 6433 146 -1418 -417 3290 6173 7985 6073 4558 7144 9538 13223 12994 14680 12893 12424 10794 11755 10423 13809 14911 18108 14328 11682 8945 8538 5724 2626 2327 4912 6262 6563 8641 12576 16519 16111 13748 7297 
12286 18467 19308 16959 13529 9847 7096 8719 9945 13783 12502 9693 7108 6606 8617 4662 643 -923 494 3482 232 617 75 3399 1905 -56 -2767 -1775 354 3453 4618 5646 7264 10533 11554 11772 9363 9486 9492 9934 7974 3244 1079 180 4749 4825 5832 2390 3973 7387 11218 14109 13850 15494 12160 8994 5675 7749 8548 6818 812 -1545 -1854 119 
8050 12076 9103 7665 7214 9845 13774 14732 17527 18506 22803 24445 22331 15884 7391 5289 7511 14903 17609 16815 14107 12017 12974 12877 16279 18391 21113 18873 15284 9282 8788 9335 11621 7663 7568 8525 15242 16162 17447 13827 14602 14564 19358 22174 23526 23391 22784 23092 19400 13643 6962 3677 2908 4297 4271 6475 6288 9670 11499 15279 15560 12614 8483 3771 
4302 8327 10795 10334 8240 5915 4048 3861 6530 8943 10088 8721 7894 10203 13980 19066 21426 20815 18255 12634 8768 6518 8247 8617 7654 5470 6030 4386 6050 5751 7936 5081 3565 3033 3760 2831 3219 5161 9028 9497 8664 6717 3950 1674 1792 5245 8086 9769 8575 10432 11469 16443 19198 20762 19726 16183 12507 7919 7950 11424 15215 15801 11083 5745 
9393 10421 9178 7402 10590 8513 7819 8492 14330 18245 19797 17628 15482 12532 12704 10496 8273 4658 6039 10298 13836 14205 10023 9113 9766 12441 11614 11869 11934 11933 9635 12090 14164 17017 12742 12173 7251 7600 3829 5577 5959 10017 15160 18981 21437 18725 16462 12181 12621 12958 14778 14450 11431 6737 1577 316 3878 8864 14147 13563 13287 13153 16053 11772 
985 5285 7351 9112 5728 6815 8636 11404 10173 9311 6274 5874 2947 4748 3279 5315 4055 4449 4244 6105 8317 6578 3657 -124 -1893 -1285 -319 1276 1354 5110 10244 13383 15106 16159 19964 19643 20581 16713 15094 10552 9848 10195 11413 14067 14194 14687 14477 17064 18495 16095 9517 4957 6619 12879 17240 16249 12377 10600 8925 8959 6449 7929 8765 7290 
2655 7483 11454 10756 8627 8673 11367 13007 14814 18829 22914 23750 20163 16094 10825 9820 9626 15300 18800 19863 17964 15851 15272 12652 10303 8209 10639 13322 19681 21688 21232 17172 12771 9765 6365 6849 10396 16086 20239 22164 20780 19143 16935 17101 17094 17230 15090 10396 6412 4183 8478 11380 12807 7822 2488 1949 5662 12339 16278 18928 18925 16604 11241 5489 
7272 8743 6698 6086 8327 12556 14504 14653 9921 5047 3087 4954 5182 3095 3169 5251 7564 5308 4359 6374 9627 12210 11828 12637 10889 10811 10420 14376 13829 13478 10052 11419 10795 10130 8483 7406 6968 5401 4430 2554 2132 2392 4782 6361 6168 3658 1317 3917 7522 12080 11297 9967 7259 7355 10238 11274 8092 419 -4572 -4322 2302 10383 15001 10847 
815 4540 10049 14205 11940 5666 1162 2789 6818 10846 12023 12811 11836 11231 12496 14826 15235 13135 13240 13739 12691 8815 5415 6840 10218 14496 14314 9062 5912 6652 10795 10990 9132 9616 11889 14861 14042 15214 12498 12311 7085 7918 9260 12658 12830 10886 12086 9731 11221 11276 15354 13949 8363 3121 609 5512 13744 20764 19926 11682 3744 -7 -405 -34 
11720 14641 12215 6135 7481 11006 17158 19731 20104 18413 16127 13266 13718 14030 15910 15196 15038 14148 11718 10088 7842 7617 8597 11724 14460 16945 19348 21026 20423 16183 14549 12892 13040 9063 6908 5159 6833 6024 9205 11614 17679 16657 12237 6863 8882 14340 16670 13629 10311 7087 6762 7580 12000 13638 13939 10283 5747 2438 4869 11257 15536 14799 11070 5927 
-190 4456 10057 12422 9043 5814 5839 5858 7458 5364 7060 6472 7668 5413 1917 -1878 -5043 -3383 2739 10010 12771 11754 10493 9575 8552 9045 12186 14594 15224 12697 9288 6354 5529 7237 9541 12710 15433 17345 15048 9836 4196 3979 8056 9989 6712 2323 1021 4279 5398 8473 7505 11111 10690 15148 16041 19335 17450 15254 9781 6546 3296 5452 8079 7530 
5304 9100 11543 16208 19479 20391 15115 11912 9655 12457 10117 6774 886 223 922 5545 10714 16736 16664 14215 11616 14299 13587 12713 9180 10480 9659 8614 4320 3385 2491 3742 4044 7829 12508 13016 10599 6742 7473 9251 12865 14762 12966 9882 8022 9682 12327 15856 18302 17729 15299 13086 12129 7718 5072 2498 5708 4106 2602 1628 8191 15873 17006 10515 
6674 11432 11712 14360 14233 14258 11893 10609 9207 8667 8587 12231 15557 20834 23553 25248 21832 17122 12534 10865 10557 10297 12060 15714 18952 18694 15255 12103 14270 16981 20309 17768 16452 15440 17875 18518 17219 12562 8745 6331 6070 8960 12973 18154 20171 19981 15449 8507 4563 5561 8357 8618 5133 7068 8917 16448 18739 25187 25816 23312 14336 6801 3977 2585 
